0000
1111
2222
3333
4444
5555
6666
7777
8888
9999
10101010
11111111
12121212
13131313
14141414
15151515
16161616
17171717
18181818
19191919
20202020
21212121
22222222
23232323
24242424
25252525
26262626
27272727
28282828
29292929
30303030
31313131
32323232
33333333
34343434
35353535
36363636
37373737
38383838
39393939
40404040
41414141
42424242
43434343
44444444
45454545
46464646
47474747
48484848
49494949
50505050
51515151
52525252
53535353
54545454
55555555
56565656
57575757
58585858
59595959
60606060
61616161
62626262
63636363
64646464
65656565
66666666
67676767
68686868
69696969
70707070
71717171
72727272
73737373
74747474
75757575
76767676
77777777
78787878
79797979
80808080
81818181
82828282
83838383
84848484
85858585
86868686
87878787
88888888
89898989
90909090
91919191
92929292
93939393
94949494
95959595
96969696
97979797
98989898
99999999
