000000000
111111111
222222222
333333333
444444444
555555555
666666666
777777777
888888888
999999999
101010101010101010
111111111111111111
121212121212121212
131313131313131313
141414141414141414
151515151515151515
161616161616161616
171717171717171717
181818181818181818
191919191919191919
202020202020202020
212121212121212121
222222222222222222
232323232323232323
242424242424242424
252525252525252525
262626262626262626
272727272727272727
282828282828282828
292929292929292929
303030303030303030
313131313131313131
323232323232323232
333333333333333333
343434343434343434
353535353535353535
363636363636363636
373737373737373737
383838383838383838
393939393939393939
404040404040404040
414141414141414141
424242424242424242
434343434343434343
444444444444444444
454545454545454545
464646464646464646
474747474747474747
484848484848484848
494949494949494949
505050505050505050
515151515151515151
525252525252525252
535353535353535353
545454545454545454
555555555555555555
565656565656565656
575757575757575757
585858585858585858
595959595959595959
606060606060606060
616161616161616161
626262626262626262
636363636363636363
646464646464646464
656565656565656565
666666666666666666
676767676767676767
686868686868686868
696969696969696969
707070707070707070
717171717171717171
727272727272727272
737373737373737373
747474747474747474
757575757575757575
767676767676767676
777777777777777777
787878787878787878
797979797979797979
808080808080808080
818181818181818181
828282828282828282
838383838383838383
848484848484848484
858585858585858585
868686868686868686
878787878787878787
888888888888888888
898989898989898989
909090909090909090
919191919191919191
929292929292929292
939393939393939393
949494949494949494
959595959595959595
969696969696969696
979797979797979797
989898989898989898
999999999999999999
